 547231146      1         478.
 362231096      2         370.
 367231136      3         363.
110823 996      4         524.
 744231146      5         498.
1106231046      6         486.
 748231036      7         487.
 92923 996      8         555.
 928231116      9         485.
 54623 996      10        425.
 360231126      11        395.
 922231136      12        499.
 929231136      13        469.
 749231016      14        471.
 359231036      15        384.
1106231136      16        550.
 74823 996      17        525.
 358231096      18        388.
 542231106      19        421.
 359231146      20        408.
 349231046      21        397.
 751231096      22        507.
 355231006      23        389.
1110231046      24        502.
 65023 996      25        489.
 650231096      26        479.
 545231006      27        514.
 545231006      28        498.
 54523 996      29        457.
 36523 996      30        389.
6666
 18230  07      31        188.
 18021  07      32        174.
 18330  07      33        204.
 18321  07      34        210.
 18330  07      35        224.
 17921  07      36        208.
 17921  07      37        196.
 17830  07      38        260.
 17821  07      39        196.
 17830  07      40        226.
 17621  07      41        230.
 17621  07      42        204.
 17621  07      43        216.
 17530  07      44        228.
 17521  07      45        216.
 17530  07      46        212.
 17330  07      47        206.
 17321  07      48        200.
 17321  07      49        182.
 17221  07      50        224.
 16721  07      51        196.
 16630  07      52        236.
 16630  07      53        182.
 16621  07      54        196.
 16321  07      55        198.
 18221  07      56        206.
 18321  07      57        160.
 18321  07      58        198.
 18321  07      59        198.
 17830  07      60        232.
 17630  07      61        208.
 17521  07      62        206.
 17530  07      63        198.
 17321  07      64        200.
 17321  07      65        174.
 17320  07      66        210.
 17321  07      67        194.
 17330  07      68        238.
 17330  07      69        248.
 17321  07      70        208.
 17230  07      71        244.
 17230  07      72        210.
 16721  07      73        202.
 16730  07      74        226.
 16721  07      75        190.
 16621  07      76        192.
 16621  07      77        172.
 16621  07      78        196.
 16621  07      79        158.
 17130  07      80        218.
 18030  07      81        202.
 18330  07      82        228.
 18321  07      83        202.
 17930  07      84        216.
 17830  07      85        231.
 17830  07      86        264.
 17821  07      87        234.
 17621  07      88        228.
 17630  07      89        225.
 17530  07      90        224.
 17521  07      91        220.
 17521  07      92        186.
 17321  07      93        208.
 17330  07      94        174.
 17121  07      95        184.
 16721  07      96        200.
 16730  07      97        210.
 16621  07      98        204.
 16621  07      99        206.
 16630  07      100       222.
 16621  07      101       182.
 16630  07      102       240.
 16621  07      103       176.
 16330  07      104       196.
 18221  07      105       192.
 18231  07      106       184.
 18231  07      107       206.
 18021  07      108       206.
 18321  07      109       202.
 18330  07      110       228.
 17921  07      111       228.
 17930  07      112       232.
 17830  07      113       222.
 17830  07      114       200.
 17621  07      115       224.
 17630  07      116       202.
 17621  07      117       225.
 17621  07      118       212.
 17621  07      119       206.
 17630  07      120       228.
 17521  07      121       192.
 17330  07      122       190.
 17130  07      123       222.
 17121  07      124       220.
 17121  07      125       186.
 16730  07      126       232.
 16621  07      127       174.
 16321  07      128       204.
 16330  07      129       214.
 18221  07      130       208.
 17921  07      121       216.
 17621  07      132       212.
 17330  07      133       206.
 17230  07      134       234.
 17121  07      135       202.
 16730  07      136       236.
 16721  07      137       158.
 16730  07      138       234.
 16730  07      139       224.
 16630  07      140       214.
 16621  07      141       200.
 16621  07      142       202.
 16630  07      143       210.
 16621  07      144       164.
 16621  07      145       200.
 16630  07      146       198.
 16621  07      147       198.
 16621  07      148       202.
 16621  07      149       202.
 18230  07      150       188.
 18021  07      151       174.
 18330  07      152       204.
 18321  07      153       210.
 18330  07      154       224.
 17921  07      155       208.
 17921  07      156       196.
 17830  07      157       260.
 17821  07      158       196.
 17830  07      159       226.
 17621  07      160       230.
 17621  07      161       204.
 17621  07      162       216.
 17530  07      163       228.
 17521  07      164       216.
 17530  07      165       212.
 17330  07      166       206.
 17321  07      167       200.
 17321  07      168       182.
 17221  07      169       224.
 16721  07      170       196.
 16630  07      171       236.
 16630  07      172       182.
 16621  07      173       196.
 16321  07      174       198.
 18221  07      175       206.
 18321  07      176       160.
 18321  07      177       198.
 18321  07      178       198.
 17830  07      179       232.
 17630  07      180       208.
 17521  07      181       206.
 17530  07      182       198.
 17321  07      183       200.
 17321  07      184       174.
 17330  07      185       210.
 17321  07      186       194.
 17330  07      187       238.
 17330  07      188       248.
 17321  07      189       208.
 17230  07      190       244.
 17230  07      191       210.
 16721  07      192       202.
 16730  07      193       226.
 16721  07      194       190.
 16621  07      195       192.
 16621  07      196       172.
 16621  07      197       196.
 16621  07      198       158.
 17130  07      199       218.
 18030  07      200       202.
 18330  07      201       228.
 18321  07      202       202.
 17930  07      203       216.
 17830  07      204       231.
 17830  07      205       264.
 17821  07      206       234.
 17621  07      207       228.
 17630  07      208       225.
 17530  07      209       224.
 17521  07      210       220.
 17521  07      211       186.
 17321  07      212       208.
 17330  07      213       174.
 17121  07      214       184.
 16721  07      215       200.
 16730  07      216       210.
 16621  07      217       204.
 16621  07      218       206.
 16630  07      219       222.
 16621  07      220       182.
 16630  07      221       240.
 16621  07      222       176.
 16330  07      223       196.
 18221  07      224       192.
 18231  07      225       184.
 18231  07      226       206.
 18021  07      227       206.
 18321  07      228       202.
 18330  07      229       228.
 17921  07      230       228.
 17930  07      231       232.
 17830  07      232       222.
 17830  07      233       200.
 17621  07      234       224.
 17630  07      235       202.
 17621  07      236       225.
 17621  07      237       212.
 17621  07      238       206.
 17630  07      239       228.
 17521  07      240       192.
 17330  07      241       190.
 17130  07      242       222.
 17121  07      234       220.
 17121  07      244       186.
 16730  07      245       232.
 16621  07      246       174.
 16321  07      247       204.
 16330  07      248       214.
 18221  07      249       208.
7777