
51.     365.   3.     14.    1.     1950.
     1.    15.
10.     1.     180.   260.   1.     300.   350.   0.     730.    450.
14.     15.    2.     0.
15.     125.   1.
    16.   80.
17.     240.   1.
8.      14.    215.   20.5   17.    .50
13.     .14    11.75  3.     6.5    .21    .8     .005
    20.     3.    10.     3.    15.     2.    60.   180.   260.
12.     -.10   -.05
11.     10.    2.     1600.  20.    20.    730.   60.
3.      .10    .10    .035   .05    .015   .015   .015   .075
     4.    .05   20.7    2.1   16.0   25.0    .75    .60  -0.5  0.5
2.      21.    17.    28.    18.    82.
     5.  114.0    2.0  110.0  118.0   .040   .035    .020
     6.    9.5    3.0    4.0   16.0     3.   0.47   1.25   5.0
     7.   0.45   0.58   0.75   1.25   1.70   15.0
     9.    1.0     .2   -0.5    1.0     5.     .5
53.      365.  1.     1.     1.     1.     1.     1.
54.      1.    1.     1.     1.     1.     1.     1.
55.      0.    0.     0.     0.
56.      -1.   -1.    0.     0.     0.     0.     0.     0.     0.
57.      -1.    -1.   0.     0.     0.     0.     0.
58.      0.     0.
8888.